0 0.866 0.163218 0.153333 0.091954 0.485767
0 0.177333 0.109195 0.125333 0.0666667 0.537818
0 0.182 0.549425 0.169333 0.0781609 0.576133
0 0.347333 0.621839 0.156 0.108046 0.59259
0 0.18 0.481609 0.176 0.0758621 0.616338
0 0.360667 0.470115 0.137333 0.0758621 0.693516
0 0.190667 0.741379 0.152 0.0850575 0.69401
0 0.180667 0.622989 0.158667 0.0781609 0.736444
0 0.890667 0.26092 0.0986667 0.0804598 0.785988
0 0.818667 0.870115 0.109333 0.0666667 0.795857
0 0.934667 0.497701 0.0853333 0.0804598 0.829301
